# Created by Octave 5.1.0, Sat May 11 11:53:04 2019 GMT <unknown@AX-HOST-03>
# name: r
# type: matrix
# rows: 9
# columns: 9
 95 48 74 74 4 62 74 20 45
 80 65 8 64 37 62 63 27 21
 48 93 65 91 18 54 54 60 9
 65 24 37 32 15 28 35 10 88
 60 22 22 84 78 66 32 28 46
 34 63 60 4 31 52 84 2 37
 7 58 47 11 72 93 6 35 3
 10 42 74 85 45 24 44 19 36
 40 85 85 100 45 42 48 97 5


# name: r3
# type: matrix
# rows: 3
# columns: 3
 70 51 87
 28 4 98
 92 82 1


